(137, 10)
(209, 10)
(460, 10)
(466, 10)
(470, 10)
(489, 10)
(492, 10)
(504, 10)
(508, 10)
(17, 9)  
(168, 9) 
(205, 9) 
(311, 9) 
(454, 9) 
(455, 9)
(461, 9)
(465, 9)
(471, 9)
(472, 9)
(474, 9)
(476, 9)
(477, 9)
(481, 9)
(482, 9)
(484, 9)
(487, 9)
(491, 9)
(496, 9)
(499, 9)
(500, 9)
(501, 9)
(506, 9)
(509, 9)
(1, 8)
(2, 8)
(53, 8)
(56, 8)
(96, 8)
(104, 8)
(191, 8)
(193, 8)
(440, 8)
(441, 8)
(448, 8)
(457, 8)
(464, 8)
(468, 8)
(478, 8)
(479, 8)
(483, 8)
(498, 8)
(502, 8)
(503, 8)
(9, 7)
(58, 7)
(79, 7)
(192, 7)
(196, 7)
(231, 7)
(249, 7)
(294, 7)
(383, 7)
(445, 7)
(473, 7)
(480, 7)
(60, 6)
(62, 6)
(69, 6)
(75, 6)
(195, 6)
(234, 6)
(247, 6)
(281, 6)
(308, 6)
(326, 6)
(428, 6)
(431, 6)
(442, 6)
(447, 6)
(467, 6)
(475, 6)
(490, 6)
(507, 6)
(13, 5)
(21, 5)
(74, 5)
(85, 5)
(93, 5)
(99, 5)
(169, 5)
(170, 5)
(171, 5)
(172, 5)
(199, 5)
(208, 5)
(239, 5)
(243, 5)
(244, 5)
(248, 5)
(255, 5)
(343, 5)
(404, 5)
(451, 5)
(469, 5)
(497, 5)
(3, 4)
(4, 4)
(95, 4)
(174, 4)
(206, 4)
(207, 4)
(232, 4)
(236, 4)
(286, 4)
(360, 4)
(361, 4)
(372, 4)
(385, 4)
(418, 4)
(427, 4)
(433, 4)
(444, 4)
(449, 4)
(450, 4)
(485, 4)
(5, 3)
(16, 3)
(20, 3)
(51, 3)
(52, 3)
(54, 3)
(64, 3)
(65, 3)
(77, 3)
(81, 3)
(84, 3)
(139, 3)
(175, 3)
(176, 3)
(177, 3)
(180, 3)
(181, 3)
(198, 3)
(200, 3)
(202, 3)
(204, 3)
(212, 3)
(216, 3)
(217, 3)
(223, 3)
(233, 3)
(235, 3)
(237, 3)
(251, 3)
(252, 3)
(254, 3)
(264, 3)
(265, 3)
(278, 3)
(280, 3)
(290, 3)
(297, 3)
(307, 3)
(309, 3)
(331, 3)
(365, 3)
(368, 3)
(384, 3)
(402, 3)
(410, 3)
(417, 3)
(424, 3)
(429, 3)
(486, 3)
(495, 3)
(505, 3)
(0, 2)
(8, 2)
(18, 2)
(57, 2)
(80, 2)
(173, 2)
(178, 2)
(179, 2)
(197, 2)
(201, 2)
(211, 2)
(238, 2)
(241, 2)
(282, 2)
(285, 2)
(292, 2)
(299, 2)
(306, 2)
(316, 2)
(320, 2)
(328, 2)
(332, 2)
(337, 2)
(344, 2)
(366, 2)
(369, 2)
(375, 2)
(376, 2)
(386, 2)
(392, 2)
(397, 2)
(406, 2)
(408, 2)
(414, 2)
(423, 2)
(430, 2)
(434, 2)
(438, 2)
(10, 1)
(12, 1)
(14, 1)
(15, 1)
(19, 1)
(25, 1)
(28, 1)
(31, 1)
(55, 1)
(61, 1)
(68, 1)
(86, 1)
(88, 1)
(92, 1)
(94, 1)
(97, 1)
(115, 1)
(118, 1)
(121, 1)
(123, 1)
(126, 1)
(130, 1)
(142, 1)
(144, 1)
(151, 1)
(154, 1)
(188, 1)
(194, 1)
(203, 1)
(213, 1)
(215, 1)
(229, 1)
(240, 1)
(242, 1)
(245, 1)
(246, 1)
(250, 1)
(253, 1)
(256, 1)
(257, 1)
(259, 1)
(262, 1)
(269, 1)
(271, 1)
(273, 1)
(275, 1)
(289, 1)
(293, 1)
(303, 1)
(305, 1)
(310, 1)
(315, 1)
(317, 1)
(318, 1)
(319, 1)
(327, 1)
(329, 1)
(330, 1)
(336, 1)
(338, 1)
(339, 1)
(341, 1)
(345, 1)
(349, 1)
(351, 1)
(353, 1)
(355, 1)
(357, 1)
(358, 1)
(359, 1)
(362, 1)
(364, 1)
(367, 1)
(370, 1)
(374, 1)
(377, 1)
(378, 1)
(380, 1)
(381, 1)
(382, 1)
(388, 1)
(390, 1)
(393, 1)
(395, 1)
(399, 1)
(400, 1)
(401, 1)
(403, 1)
(405, 1)
(409, 1)
(411, 1)
(413, 1)
(415, 1)
(421, 1)
(422, 1)
(425, 1)
(426, 1)
(432, 1)
(436, 1)
(443, 1)
(452, 1)
(453, 1)
(463, 1)
(493, 1)
(494, 1)
(6, 0)
(7, 0)
(11, 0)
(22, 0)
(23, 0)
(24, 0)
(26, 0)
(27, 0)
(29, 0)
(30, 0)
(32, 0)
(33, 0)
(34, 0)
(35, 0)
(36, 0)
(37, 0)
(38, 0)
(39, 0)
(40, 0)
(41, 0)
(42, 0)
(43, 0)
(44, 0)
(45, 0)
(46, 0)
(47, 0)
(48, 0)
(49, 0)
(50, 0)
(59, 0)
(63, 0)
(66, 0)
(67, 0)
(70, 0)
(71, 0)
(72, 0)
(73, 0)
(76, 0)
(78, 0)
(82, 0)
(83, 0)
(87, 0)
(89, 0)
(90, 0)
(91, 0)
(98, 0)
(100, 0)
(101, 0)
(102, 0)
(103, 0)
(105, 0)
(106, 0)
(107, 0)
(108, 0)
(109, 0)
(110, 0)
(111, 0)
(112, 0)
(113, 0)
(114, 0)
(116, 0)
(117, 0)
(119, 0)
(120, 0)
(122, 0)
(124, 0)
(125, 0)
(127, 0)
(128, 0)
(129, 0)
(131, 0)
(132, 0)
(133, 0)
(134, 0)
(135, 0)
(136, 0)
(138, 0)
(140, 0)
(141, 0)
(143, 0)
(145, 0)
(146, 0)
(147, 0)
(148, 0)
(149, 0)
(150, 0)
(152, 0)
(153, 0)
(155, 0)
(156, 0)
(157, 0)
(158, 0)
(159, 0)
(160, 0)
(161, 0)
(162, 0)
(163, 0)
(164, 0)
(165, 0)
(166, 0)
(167, 0)
(182, 0)
(183, 0)
(184, 0)
(185, 0)
(186, 0)
(187, 0)
(189, 0)
(190, 0)
(210, 0)
(214, 0)
(218, 0)
(219, 0)
(220, 0)
(221, 0)
(222, 0)
(224, 0)
(225, 0)
(226, 0)
(227, 0)
(228, 0)
(230, 0)
(258, 0)
(260, 0)
(261, 0)
(263, 0)
(266, 0)
(267, 0)
(268, 0)
(270, 0)
(272, 0)
(274, 0)
(276, 0)
(277, 0)
(279, 0)
(283, 0)
(284, 0)
(287, 0)
(288, 0)
(291, 0)
(295, 0)
(296, 0)
(298, 0)
(300, 0)
(301, 0)
(302, 0)
(304, 0)
(394, 0)
(396, 0)
(398, 0)
(407, 0)
(412, 0)
(416, 0)
(419, 0)
(420, 0)
(435, 0)
(437, 0)
(439, 0)
(446, 0)
(456, 0)
(458, 0)
(459, 0)
(462, 0)
(488, 0)